$ANSIBLE_VAULT;1.1;AES256
32326632623066396364623937383433373361326665633362383164366530336161613033636536
3234653536366139626635363535363666373333376639630a633530656338376263653032303635
65616435353166656333636333353534383038343666333939393266633133623838383739376530
6431616631396237300a356463313761323766643064383462373736633730326261623032386662
35376532383265373338303436633061626534393064303161363338383336346435393863396636
62653463333763303961633034313561303136633066366261616130376535613037356334623363
31373961323038306631353465643637636562393161343661306264623735666166666465393139
35356339393563313463663731396632366565343633313736613137663566313338356634313232
33653165303231386237383034353566303331373338363039666337306336363930383135376564
62363964396330376138643762666363303130356433663930353262663661303632313264386339
30346163663333393230666537386665623739633230626465643733346238636464636535386333
38623037623836346139313866373064396236396135346131336139313734306232623131646537
65376334613439653830306163353133343365363064616666333336616234366130333362633566
36653635346466373334393633646332626663383033636365653935643861666234346138326539
38653864316639613439313236373739303161663665653965646432363362626337636136653263
34333564363431343261373038396238306563653162353664373764313764383032323632396263
61663263646161303961633438643036303233326436396261343063633438313163306164386337
35333332346464323036346138376664356435353833336265323834623333306132323335313266
31363039623230306337636264336637653931653062623561643663303531363435343638346438
39386534353638623032616137333234343130383861336663373637323365353562613838303330
36333261393936373635393964626337363062613236336461613832653665653737323838633231
62326661366633616231626332663731663931643564616339623736343630353964323838643333
36626133393362663630306264636161346663326561623431306334336263333836616632383564
62636162366639373538333637643834626237333934383332373439376535646231303537366463
64343561613130363065373437326266656232666266393838613364336262356334366266626464
64396230663530383061626234366334373935393132653731373030386137363232383937613564
38343534383830343864383433323936633736346435383063366232323365613030626537333736
38343034336539366238323534613563306431383564613334653963396466633765306533373239
33653362656536346637376436623662633837333166336534613930333236623063653630616561
66656431373331363939633534343461333765396663363934643362353035356631326132653637
33613639326338646633323933363836633431376339653364656538393063326365393331336431
61656566353730376665386132353931666265643938643333663366356564303531663437616237
66356338333333383938646431623433376532653638636332323739356566336131643337653333
62323134656333393964366363613265376636653537393666396165376531313931656339326534
64313866306465366239386634633030336666303265386263666534363936346133353362356434
63356631623334623965376261333131316136656636626163383036656564613265336461363231
63386235386335336665353837373736383366303832663862653262653731353737323531386539
39633162326631346635323164316339363839313362303939316135383539346130623261666534
33346537363937306565646330656235623032326538353034646332353862373638316562363930
65313130646363333739666566323461666430346665626130323364633339633963633737393232
30623633643963623539336635303665663162343930653564353435326532313930393533666264
31333539376461643436636665303032326365313233633032313765616465306166616530646439
61616430653661666531646639306363623839646663323031633431336138363732336662633562
33623636623634653134653634386339323764623339333961383962383063633735346564356238
35313161373231663231623462373837303462653565636166326664366634313365386530613133
37366535346265323031643165643561336137396435373731323666313930633965613033663061
66343063306439336136636339303265386536313734303632306563663539346366383962396466
30316433616666363239383930373431646365613934323132636164366232616639383762326531
65383937393934373762393333623633616533666433383638306464663162653535333539303166
32336532616138333237376437346238383561336365383166313639376163383664366437643966
62326236313134333061633366656130666236366661616431313666616132356136306134613265
31323032313637616636653134643164613265653761373566626432313133336335343531393865
35316335613339306261643335643861643162326666633336303230366664353130643363393431
32393264313638616135613632306333343435313437313433336265383534653261313139393935
62326131346163316436343232336333653538306561353730653238383632613063616239633764
64373438323433316663323961373066353534373538643835333136616464373062346665356237
31613434626662653938396133393938356562653339396365643432346264306233386363333234
35373839653931313937373336616365356330363632333232356331366435373239626332303435
66303032386533346638613738363935376365313862643361643463323034663631623364303237
31303363306366653731653664353233306662396562666133633563623066356637316664316638
33633935663831663038666632623764396264363838303831326365396665333161353336653837
38353038393136366665623033383933363437633337323933336431303763313861386230616533
32663638353535663135396233363236303261636262303166383561386665303361636636366565
38373334646338306638383862323166343561363561373636343932373138633035396363646636
65353031323131343532333764313935316361373462636263386231393631376262386237393937
39393165383534623666623366666635333661636432626664343439653037326637373530653236
34316639343737356635343839306637306366336566323339643537373833643837306635656438
61363735616637343932393534666134633762663762373166366133386431323030326137613964
65333938306633313331323131653465323762333962613561343961656639363236393935643335
35653861363861393931396166613235373766323433316363306639643061323263303830393737
36303239303430623635376531363761396236346532303563643230393431656362386332303165
62633435323361383536663164366663333932653064366236663061656133613038326562663635
33636432313435613232626531663638643435396238343161313463666334393439663764326236
62646138383966653666613130653764613833333835626239363464343963616230663536646165
30313164653536326365363132363861393066333134626465643039363838666130393838643666
61316138393665613133353961653063376137663930653361393939633832373330316634386137
33353538333765633234346636393837373465646462643139366665333834633839623534356631
30313437393165396465636231663162393162353136316662626162313536656138653435316330
65386538396266666630613535623062336538623733306138306431306335636231386638623835
64663631653565616265323463303436363033666530313137623038653666393536313430636237
63316566643930663661643035376165386336313338363861353135343563366632323539303533
61343032373565353337663065636163353266383734313565643737383734386262613835666633
37303930393834363133643434383839323564636430626233616139616235666263346437366561
61393631613931343234303539376337643932613630623939363438353936616265346563303966
39653865643736386537376630613234333136373166646166316536303261336663643338393766
64313230326461363935373135353039363435303164646464643734303133326335363565613437
39643066376637623664373035353061346666373538363534303865666265636434306530336433
66646531363338613438
