$ANSIBLE_VAULT;1.1;AES256
34313736333736303535383436646362363434316664353261616338633833346462366266363639
3532633862303434396365356235383532396530306463660a323066343661303561623031646232
63366436356536316233643833353466363339386235656630633635346261393433376465616561
6331643636663565660a656235633262653664646638383535646533376666326530303437303561
64373035333036353361623536653438313666656263333266373933363361343238616635656237
66333133343334396464373561333764343938326561343965303032363038383932646538663639
66363236323433613661646363316630633337646330613736643436326537376233386663336331
64626630326137306537643836613764613538313839656531333931323434633963396463313831
64636230393837653736653637613936336464633964333565663261616232643061343530313662
64373237653564343239353338343236636332353531613331383333383331623262316530386365
64353763333866663739386261653432656236396232366137626131343531383130393831646366
63386564663636623362346666386233393533613861636537323637383865623861396136313762
64313134313836666535633439376334663430346334313732376138623233356464306163626566
39666638323435613635326664643431313539666361613865646663383665386539363833393464
39646534633336313163663430383130313639393365333339326164633539656337386461333835
37383334326433636261363764303238366637323230373661616634346135616165663631303636
31393438373963383765633639623634663434306165313136376331366561666365663234346338
33316435383664353063626430626664646635363938396132383963623533613632356335306565
32326237626263356466326233666430333261656662363063386431643832653138336536386537
36623435303164363730613638613162633964393266313033346334663332646434336537343833
62643633626134653333643036623131333361373364626639633237326562643862663565313031
33366265646639653033656236666336303661353461633430626233343065636339343761343238
38376563323539656333363062363165653565336663353633336630373235306535333739626230
38313966633163306430336335373932363663373634306136656536343835393861333334333064
61313539396133363639396237626261393435653937316463383534386437656563626231373261
33323732626331346162653333646633343762643336313834346462323637303563646333326539
62636261346337363963633331323939343735396532386662306330313864626238636634656638
34346165363865336233373634616239376538383064313533396233386264626166336639633730
62643365326633306535663761636330396335363964363962663563643861663335626435373634
65633439643932346237306337343035366535363563383035336232643339663734383735646561
61643665386137333035343462646464336163656439313432383462353432653532616163346132
30633631316637633636356630623464623138613037623566323535633664623737393633643439
66336430623137346139343939616332393330626133306133333664306465363962343839353966
38386565656330646161383961396662636266363130326262306339353932373863626539323939
66396564326631346339303764646232666238323330303135323630386366383964613330366266
37666638313233353139326232323438323966393363633334636365663462623732373137323633
63613361643231353164396332653864373436633233623861393364366338313532323865303233
64646632633239326365346463383863623862643931656666363738396436613437306262393536
36623866353233383561363863636361373163353765306131653739363030336430383534666138
63363766363332626466333130666361616566623731323363363737613462356366326566336531
30626530343639303136356132306239323933363463623031646434643139303238623333373634
31346365343964343164343036346631643566613933663562306131323136366530323533303236
32623430646231336637313965653862386464656662613262363537653666333637616431626135
64343731343235346466393337326466656132383166343232373164386135386330363333303934
37653264343239376365653066386331636461636438386563306332373064656339313733656130
33333063643632663235306139373661626334666162316266383830366566303935346634363836
64346166353937386162616138353231353735666331653836383635643136383263396366336332
37323962396633383330613539626538646430653234343861323766623431323764396263353438
30613566393366333363323838663336653737663936333166346136316338613838623531306434
66343062373433326437333766396639356337383765646436316433613665636238393833656639
34656336633734616564393936643634336532343438393161393935316366313261626139316631
38633737326531623265613636623665303964666533343433636337346337643564646435656361
61636132303565353135326461643262356631343039346138623066323737643532383434323237
34653139363131666132376265333733316135613338326635366663663430333862656165386163
63626166633035306436653465313163393737633430366132646238353932373564343065613564
65396536346263636139653930393433333835373631383864626237393965366466376138393833
61623138386564383331313434393134383534323430396130333136303138356265653334373163
31656330383666333465323964383137346234653730666639363937366563346133663732383763
64386139323637666436333134623563306531313935333361386338343266386234303064336530
30366132313137623439313362383639623134653137646438363833303230613230303636343034
37346566653238303833626638616164666261313137393263303338663663616335393636623434
65666630303064323230366237653934653137626464626536313731393361376531306666303539
64383936303931353364313230363633653566373037313035616333626633386663623165633831
63656261356461366362363136336237383537313138396438393936626431383063353838343639
66626263353863353138666265306533343336396263363130376532376331303932353461613563
35313862643663666464333532323362633761653961663064393464336261313935343439343339
31613061333436636537616236663766656130636437343763303261343836383130313138363538
33363333613034623730353763393033333939633563383638373262633966303137323162323861
38353462353138353138393636306262333337343666646437336435643232326334666665356463
32366131633234343435666162353236636538353963343565633038386337653936306433643661
39353031643037363162636334636166663933393530633736636163663461663733333730636163
62643435333138323837303531356139313863626162613934626236333066363433653763623262
66313763376533386631363764396565336437326336373763643539343537613865336166616334
63323163666261303265643466363662393366383236643739353562303962316638656537333938
36353138396132346464383234386163346536313838646538666532623033306136373465323830
38343765353132316635313933336230643734383266353036633439376639616531656434643437
61346536343931386236656436396237306635333733393332666661393633666564313330316565
30653662396331303934663430333862613230383163636535373761626361316637653734376131
37353964646630666638376635323863393239633432323363616233373639636535663561346539
37323237643131663434356531316337333037313234663235313831333136306538633961306433
66666336353939633336336336356431363630666336323934316630363935373430383565663332
64376230336363656530303233373965306439353965333533383635643864346464663166373666
64316436633466643133316464646639303437356539623635653231376334343837633136313862
31366335386139353036353838346334303135643464393964396165656530626232616165333836
37343238316635653633326437316539636464626431613137393238343733356464383362636165
36313931613934636636343133333033333639666537626235383732336430313238626463333661
32643766316463383531323332323666626632623866366631616237343965316433333166316530
37306163386233636335
