$ANSIBLE_VAULT;1.1;AES256
31306234616664326362633130353765306339613365656231356231343765333935306334616633
6365343138363332626465306430616535353063306363390a653431303361643530353035363333
33336234653066326661393838363731396632653062363266643331643932356566323162363831
3164346263346330650a333666393961346639663963393737303332306334343534383665326634
33663961333364656236343161316335646466663331326264356636643137616338303837313034
36336465666638626333623736353931336235643162623236363766656336616132393334646338
64323131623330656666383234633337373639613065656639626530663033326637623932333466
32306435643639613861343561393165363266313437643734303664333932356435303438356366
62623333313239626461376639613935343935633462653730333733373864636433376132666563
64646634356264346263386238323631613862333430633262373163663766336437663562663565
30323061333532313831386636333034336164363632656661623631633437643732316530653338
31383763393365653533643366366562396264653239323832653965613062393964636537343765
66316234303433343766643330623939393537323637303263633138303639323335653563633461
65386264393232653961313139356262626135373734383839653834363131663430613730363564
65373239303638323965393439623962326637376263373432363231306538663938383561633931
31616633623365613931613638303734336539653263643065343937336434343162373730383666
38353130373438373439353631313735373635666136303136326139353238376363623064326133
30626533356665396133633935656161386230396561663763343161366361306538666138316535
36376530303136376632393235323036643965633031313863383063373233396535643366613533
35396662353734623339623763666230323361613363393861363732356538653330393833623033
34616439633665353665393735636333343933656131653236353031333764363834643339386565
33306334653261623864396535353161333731616166376461366430393832643636366164646432
66323762643965353830623738396262383037306235316361393536663361393932326130326362
62333631363862623232663861323963663237303065626431626563666633653939363262663234
65663731383433323030363163333535303430383331633439333037363932343463356632316465
63656137396132336131326331656533623566633230653364643639636663346565373038386632
39623064633464623361373238663333636363373735356130636231333735343539616138653834
33646365663835366537346263643966333930616234313230356661663531343861613736653837
39653965666266616561373331316561393461306532383433393264343133613230616433383031
34616639613634386632623435346237623735313236343362626338636132313363323438633231
34626437353634666330646561636639636364396562386331303535636135363565306132623361
34366536666463366662353666663834666631663965333536656634643330393734663632386265
36666434363339316637386462303930663339303233323663323536663330663034623630613861
35333235393964393331613836636465346666613137376133313663633263363635323132653234
62353034643666623561323239643336333036303337353861636134623335653630333830346635
64623238303139656139633130303466326666653633623035346363356531313536336338386165
64616633333031363164666536373464303533313162366630653437656466323764323936333830
30386362653530333034383866643337356132393366366332326237653737646131663039663362
34316661666537393730393066633066613536356631636161616361616336613435326530643431
61306536373236346465396136363063323233643735396464346238393062633639376638343466
32646630666438396336613366363538323762343237356530366637376233323931336335333332
35363066303432356466306632326433393665353766373161303731353464343530386430653339
31616462303536653333613334366461663165646231366663636264616464316134333835343161
38626565366162306365353164323033313436313132303564303336636264653931323739633265
63343130316130653464636532626364626165613932633965353832666332323336323063656563
31386632316532643662633839363031376435333738383761653730633566313230666634616636
39636139373835343364633934613730626637396462323337323531643066306533323433623261
66376439376631653262633830633335326137653963636662323461393431376435383834363836
38636439353065623731636362386430376266316661633737623834353736383365303564396664
33626239363731636234353037343666323135653536303932313235613163303039663636353266
37386137353564656332613239316463623232356663323030306438613733656230383830343438
31666135303932623666396431333038613238613135653231316261326463356333613539663731
35323663613331336564613734633236393832646532633532373330656663343833633130376330
66383532663765313834623364373530326639306130353561323237393461316533646633396134
63363138363738303265663133663134353433363663653864633136623935333039373665656264
63623639306661383462643263313763613263393561383464613137633663393539633965363731
39656233393262653031303435336139616133663539663066323361643066623531353261646232
61346161366532613163333966336364623262343432613762373164633039616331666533636431
65323161333534393461343335346161343937303634653639613130646336623965643966366665
32386563383839383538663361313662336262666361653731383162343961326530343638646632
35623530316366343966363739343963343363323136633937313436643334313966313635623763
34636366366530303438303563663437623936653030313132383932346264313765623961326666
37613135626332663639646434353865326236363935333630306639653061383865363732313537
30663961383661623738613634366632313432353636633636333866613831353639333265303962
64633437353266306630376634613031306438626635333866316463363261666663653233626266
32393463356433316136343566646562646365343938623064666264663632396536316265386165
32663363626133623130326532336238633131353636313433393734366365333136663932313166
63363436366433366632353533333265383463323865643035643561366336346339323861326237
63383261353763323861353964636636613537633533326536323463306662333334623637356465
61313037633536646661303637643434616433373537646335363262303038626632643538306532
63383236346561363561633831653333353539383735613838303961323438313364383732633436
35336535396537643437306433623064316332666333613664363163343638653765343837353262
65316538356137313766333262633730666162323361303632343564376662326361663262633637
65313862363238383764646235396264376332393532313637626534363833396361643736666337
36636162626139646566373131616534396532656433303435306262653735626665383537333331
34656138666264383566323733323436373731326161353930613761333961333833303130656639
63373232313731306566373963386462313063623439333033663962383162323765366132333836
63643134396463646533363532333532346566656434643866623230353038363839613561363635
39666463383638383766343736306165393566383630366438323733633262666461386664353564
37643931383736343632633964303439646639626130326262393535646263633364326639613065
37383032663837343035643134333262643663636338636661353135623465623666396231646339
64313739623266626238353832623835663162333431616435356362343234323134343462643937
35376535353764663061386239353866333364326261666263396561643961303364393066316163
34346463323363623565353239393031343565356333626564343836356434663364303936346633
39653836313665316365306431643666393937343432313932363837363165306565323439353631
38316431353434656237386332663031386331663830626561663834396231613931663964633561
66303630636263323861306163313930313263353961613338323937646461333232656362306162
64623531613834646466
