$ANSIBLE_VAULT;1.1;AES256
35633935653938643566343565653666313537613563643332333934353832393734623862303166
3465383935363765623839393561333734643937393962330a396365643263393037326132323063
36306336613431366639333537613434323362393863386363323836336465336530336136663566
3734313565373164380a333365383263373362343463376439343831636332306139383733373033
37333164313432386337386234303761396237303134643736386262386338643731313031396132
38373432333736626362373432373234633434386338356532613533313435356563653234303437
35653334333465306362343237373236363761373736386335373635316662366566613263343765
34353566303463353231373661333535323233633361303233366363353931396562626564356533
62303863323565643164656437306665336464666561303165363737333238396666656235336665
65383735386230633839643165636131356232643464346433613433313231343762303738366662
37333439616662323639646337313964656635363062383763643636663037383634636638333563
35353435393463633338326130356337336463613765396231633637396337336237373163623133
34366138366166373134626364376136356534396563656539303039363161356662376465616239
31396661623562383563336664663962316534656462613632303562363737633036656630636138
63623362326535336364366565336130333031326431616439383764363262336536333536633965
64326161333930623264316636616135623134623634376363353836623430333763636365633232
33366365613335323265346662373465396438623461393334383762626664366436346261336637
30623931336131363634396562343461396661663365633433663865663931386639363436613861
34643264326537363434653562396463616162663032633464363031666164303835326531623934
66376365336462386231353361666665323032636639333664376532613263646131333461353264
62653431666365663538613435373235666165323034643063623961653738396361323831303730
35663034323665343963303130623063373863613566396662666661653564376164396162353337
35316463373030346536663630353265363838623735613566653261303038326239366637323732
66616532373230383335613432356137623139636438653638353061306433623235623936313861
37626564316363616637306433363063656332313632613830316662316665623037373033353631
36373761303035383764303663643263356436363365343537663530326436646339373462393838
37323838346363306434653136643838626261386339333032663366663639346231363933326133
63626333396235383666643239656533666162633736333961633766633037633464663336333535
34333932393964633938326339336138663337343161363664326139356338313762303436613333
35336161383566663930363631623936366530303937646138633432373063623137306631616432
33323962306539653531636637626339306561343564613432313638653465353864346331326639
63666330343633663635353836306433616561383438363333323734663334663036313331373365
34353735333830386532613531363639383735636365343932623563396266663263356464633663
65303061373133346561313165326666323564373031313333326662616230323563366335623862
66636238356438353934343633333736393635396631356235323364383338326332346239323465
34663162373233316666616130626434633135306333663837383263626233323465393232663362
65353836643937343732393638613832323665393932613663363563656634373636613531333363
39373235333137633930396335333534363164306336656463393662643063323236613833316633
33323938356662353339333062633438316565633230326333616534623337356165306665616163
36396136323364666663643538303163313363663961373831643637666566633066626635303861
39646434383731333562646330343239363261333463303836386263376637323930313464363066
30383663393464376266383363613134386265623664353461376663306132393734373336663834
39343131373465396534343463376264633037653064646238366166343037306462613764636538
32343435343764653339346432343361393564313030333364663964646538336236343139653463
64636664393134333931386233353964623332326233616364616530613664363037323138636161
66303733643238373839636233333335303938303366636464353464653762633065343937653261
62636638663139336265386463373434326166623536343930356239653833356238623461663935
38623732373431646361373433646232636535373866613736616433656364656437643866373533
39613431653966303637336631373462633866643163653032366434316437356337343535323936
35316639663538623266633764356636373431383031653832663135393538626666326331316436
35323632396630376231376639303965633234653232333664336234336535616230653465383231
64383862396564653361303264623935356261376561313864306164303935306331353263366536
36346239313730373764306337666237363361663539343132646133633864383337643536633063
34656663386534643863303566313736343635366666663530366335363366323036363362386164
33343738393232346637343966646264613064363338323636396164366662373535393932323534
30303038303561636561363333613331393630373838356361636364633761326130633966646135
35616636653536366662646331623539636435643035373366353365633933353037656531643036
64373161313964336334356262633036363832393861366138353036313065373234333935393237
34373837616563343738343662323836363031313763646366356136376465653430306565353339
34376639643437386138326161613266303438376235393635653165623730363633626566616632
30623662663335653365356639633638363236666232383530393632336462313730333638336337
64333766336233623063333933333265393861326433363663356130613462316233333235333966
66653763646137376462393361383238346466356239623533386335666161636632656463663062
33663862383331633536343031613937663735326465666265333836333838656336376565353434
37383039356162366361613030373336366562613335303564343434633137343238626365386531
63316531653363633864623536626636333665633365363233353533313932623262353133623963
37396538666633633339356538643531653038313337663637323663313833383061623136346536
30333830633830613063346161396334333432333633303933373962383837313437646637383434
63666235353131373439353265363166383664613838353036343764303035633231313364633339
37316332363533323064636537386231363432313934313936616137656166386262306364336364
62376161626565646665393530316664613830333430313533386532373437323133333362363363
36393564643334336637343032636336633433643136633363383836633033333932353666333864
66323366646661383761646631346331666131636335386134303366336234343332643333346662
65633838663731323362303938643033663061376637376266623538316130323034623364313636
34643834643837346135623035656264663735633064363862613638656632333363636238643361
64383166323832373333646436303538343463326261633465636261373164326337313034393936
32636239623634656134656530343639356630653865666138376437343364363235393139393539
39653061396564326530336332636237323731376662393463333538313863313962373562323662
61366163373561653964396637333837613665313265663735396265323162636233383639396436
61396438646436363262666532643865663463353837373939303166393938313330626130616461
32343064653032333933393536333630666666326461396139396437356363316163626666643136
66666337343536333632396163666436653538393637346331313732643265313765393239373861
31313738643934643661303538356162303465643261623462343466313761363430636663393064
30636636613136393639353439643662376430623033363762626430383666363930653938386336
65626532323036663930313138626135623038643764323634336137616138333633656164353163
32313336373330653061356161353635336537326263396363616662383939656439386263363733
62376232353534313363623834303436646361363333623338643061373930663566326234333539
66653363383137346434
