$ANSIBLE_VAULT;1.1;AES256
34333933613831393666363230373437623431356366633233653231636365303339613065666463
3333363063333764393933613038313036633338616136380a353831626435363361326334393265
65313762353432343534326635633062653361343238326138333665333563613565336336363532
6539333936633535340a363965313335616533386336346431663937653864343938356634396665
64313734386231383835303136663161656239363532333839353333633230626663653330623031
34386262666537346538353165313865353830396334313365376137633534366338343161333166
30326131396532646464666165366235353765353137316439336261343532666230623963393936
39663134313237386261316565623534626233356432343339363064363439613764653266393134
33653864326132383661363134626631313264333466306264313039356263613862303239366661
34323936363464393664653930306131373239393439336133653466373132316434383261326234
38373230353330646538313237383564383461366137363032353764383934653139386335396632
38623139356539373764653239386165396433393033653338373561393164356435383762333835
34623664643737626332353239313132393065306535356264316630393734306438366232306536
36313636653438643663396338383039393139383136646337633862346461326665366534363733
65373030663535633435313131383163333537306466343166363763373630386461313866313961
38393932383530346536386564366635653939316539663732653634626561356361643261356235
32393535626431373666623362366538393930356161613261636236646232323763
