$ANSIBLE_VAULT;1.1;AES256
38623238613331306565666133326539653735343264343432656338363035613431336261396463
6232313938326533393038323062643038323736353339650a633031633565336135306166336439
65333164653239646532336430643166333031326465323037646636353632663563336131366638
6461303632666138300a353639396138306431323962316531386537326131383838383430613636
30373664366136396635316131343938336165376563623961333561616637623533323062376238
62623363663136313864373036356663666634303139623938333763356438346236396665333032
33353930616464646630303938376135333066633861656161653662336132393336633763646532
32316362636635396665363930653363366464326532646537663834323031303661626233633339
64643033653938623930626361653531386365363066383064336439366133646435306135303538
30663539343564393963343261626561366565326335363230383633353030396166653038666366
39393330663466376534303765616662306364623261643061376131663430356639376266363631
33306665346236653433363437623662303332653731353436633638626334366362386465323561
38363933666331306133383738653639306331666663323065343936633862393334613839316538
33623766613136353334653266373563623464386366353033336239316438373938376261393863
35366238393164613831623537636633623035373136376266613263353439336431343830613131
32613636363866313334656134643034303130666264386136636562333339653566333637343463
39336632373431373932363039333636633735363036643363633562613133643635613161613365
36386233356163313832363433623738356137643664333464393233313434386535376535653333
35393336363463353238333530333733623530346165323138363266353737303339336134396337
39613633653237346135303461363062623265306436336266313664336566353864653263383261
39343639316337316232616637333632353731663465396331383232316261383538643163373438
32383534623864653137303232363865306531636664633166383633653239643836383134393239
61616566666337663131313938666134343261383361663932383266353330393130353938303163
66633632373461613936646431333330343031353061326532613664346463346165346437633334
34323664323337663737383966663662313534356333343864333166616138363537366662666336
34393237656262613431306432306563613632303063623566323862626431626262663462326564
33396236333436393136383462306163643461306433316662653362636431643862613737336162
31313666343837653537396239363432346630623963303764663364663131633137396338323832
66316538323262353435346263343637343831303839623336376566343738646630656364376364
64643739383163323663326632383532653966633938616631393164333838643436323030323037
33363732373338613432366562666439363732666431363632386266616635626132303762343030
64636633303434613363306631383562613364396666366462636663353733663030393666653131
32623564363837363963343165613837656434363730633233643137313664633334313539303932
34666262643035663663353636376431383262313730386564383933376432643565643037623661
31333132316330613964383135656431356163333431326165363732333264353031306330636234
36633731376635393166326239343337613936383561396131396663633036633938383436663733
35333562633732363532666536626336643535363530303930383430323261653363383837386161
61623139613164303664376634656638373264343036643533343735353763633839666430626632
35333465346632316664623934383036663630306432633030396566666366633130396662636565
34646566393231346630366131366562653764366331393938643962386662306533323030336531
33383764613131393530636564313435643835626639323365366633323232336133303563383532
30643565346164303163396265633466663335623865356564353735303865633366366135356231
61396339626436303833636134643432633531303436316564653038633438313632303066633233
38633438626237313566666362383332613232326537623730636663346161376639313261316138
38383062326430326163623364636131643266633831383131333932343439353739343734633137
61663332663462343566613036383264633932356631363261663864623330343065323363373932
30656665653934643962323064343230663439333435383231353362346132373161666261343965
38616532353163623562616461313536393839666166366135653965613461306562303864376230
35346133373238633266623832656132366233303761346666376233623535633237383564633761
61663936666462343530376662343330663463643065333730313761363532316335376362613733
31646636306638623736643364383236313261343737653630343436303364643066313838653664
66353661336334316535616639303231626538393861646131616261633562373764383439666561
35613238336533626236653231323364613665616332343739633733653035363631316661366232
34386462306233313062303838373464386166613430646435376435643663613130396431333437
66316536366132636161343736626638356236346635366564646530623035386433353439393666
34333736303731393234386366396466386430636361373635316461303234393462656230633830
32663066366634656365363966386439613432383431623164366637623434333036653030636562
37336636353932616237313738643164646238636637376662333161353762313637633437313831
31363061333837373730346637613133616563373230643637633130343737646565303466356361
34393866323237323031383038623261393634666331393335633838636633383364623866653262
65386661303566333533636361363932363839383134363663376362363532633134353833393732
63363436353738346338656166333830656535336466363234343935383965303331623761386331
64633564306133313938653734343234663865396139333932316166376338616665353863303531
63373630353164386464383935376137303563306233396635303162336663646263346164653864
36306563396135616335663533383936333464653661303037386366356430316264643834333131
65643134653665323337313137613662323432326161646237653636353135613566646364666132
39383361643432356238323265663136313466353930363662393663613164353936623630636332
63643939316332376364636533363164613263373238346433633065343834663039346130613430
64616239393130343935303961343762666132316537386332336238653730303430393631363036
63306264333032656437363737623363643731323436346361396639306561353833313765393238
34656464643265643662623566313939373436376333656565636464363430306435616237303731
39353961623962366365306462643537623861316539383132373962346665373434626330626134
31363130383339333964363037643932376539323962313032626630623761326666663234613330
65396265323062313531623030316665646235396465343662373663656332623735616365343635
33636335393462356639646361323931623037393365376265646432393431353533353362666431
65626534333164333832303730393639646638383263393462643639313539333138376634616434
30303037653331363430333232633031636465386235633937653964323161333766626138333236
34663633346430313736303433333161353132393463643764366464663633383334323034646563
38383066376662653435363539643534643263336532373634663335323436613136656431653336
31306362376564393135663039323235613661636436633765666637316336613065313966323834
32383037363062663166316132363331373336306334646562353265396431643565663432333938
39613537303337643164333262383331636533653639383635383838363361313966666435396666
63643963313532613138336531363662313361393732646435376530633433363535383638383462
61396464626566306265626665373534353635383033663031663137656462336638323463666664
35666461363136633133373861613830383732633637633661366636356639346336343332313663
36623333326434373532306561346461323838326635333937656539353034636262623461343162
37363332393038316466613530313966386335623233396237333866636138356137653033383731
34313134363234373435
